{
 "cells": [
  {
   "cell_type": "markdown",
   "metadata": {},
   "source": [
    "### CoVaricane & CorRelation"
   ]
  },
  {
   "cell_type": "code",
   "execution_count": 1,
   "metadata": {
    "id": "Fnq4ziPaG-ri"
   },
   "outputs": [],
   "source": [
    "import numpy as np\n",
    "import pandas as pd"
   ]
  },
  {
   "cell_type": "code",
   "execution_count": 2,
   "metadata": {
    "id": "VofWlUClHxT_"
   },
   "outputs": [],
   "source": [
    "dataset = pd.read_csv(\"PrePlacement.csv\")"
   ]
  },
  {
   "cell_type": "code",
   "execution_count": 3,
   "metadata": {},
   "outputs": [
    {
     "data": {
      "text/html": [
       "<div>\n",
       "<style scoped>\n",
       "    .dataframe tbody tr th:only-of-type {\n",
       "        vertical-align: middle;\n",
       "    }\n",
       "\n",
       "    .dataframe tbody tr th {\n",
       "        vertical-align: top;\n",
       "    }\n",
       "\n",
       "    .dataframe thead th {\n",
       "        text-align: right;\n",
       "    }\n",
       "</style>\n",
       "<table border=\"1\" class=\"dataframe\">\n",
       "  <thead>\n",
       "    <tr style=\"text-align: right;\">\n",
       "      <th></th>\n",
       "      <th>sl_no</th>\n",
       "      <th>gender</th>\n",
       "      <th>ssc_p</th>\n",
       "      <th>ssc_b</th>\n",
       "      <th>hsc_p</th>\n",
       "      <th>hsc_b</th>\n",
       "      <th>hsc_s</th>\n",
       "      <th>degree_p</th>\n",
       "      <th>degree_t</th>\n",
       "      <th>workex</th>\n",
       "      <th>etest_p</th>\n",
       "      <th>specialisation</th>\n",
       "      <th>mba_p</th>\n",
       "      <th>status</th>\n",
       "      <th>salary</th>\n",
       "    </tr>\n",
       "  </thead>\n",
       "  <tbody>\n",
       "    <tr>\n",
       "      <th>0</th>\n",
       "      <td>1</td>\n",
       "      <td>M</td>\n",
       "      <td>67.00</td>\n",
       "      <td>Others</td>\n",
       "      <td>91.00</td>\n",
       "      <td>Others</td>\n",
       "      <td>Commerce</td>\n",
       "      <td>58.00</td>\n",
       "      <td>Sci&amp;Tech</td>\n",
       "      <td>No</td>\n",
       "      <td>55.0</td>\n",
       "      <td>Mkt&amp;HR</td>\n",
       "      <td>58.80</td>\n",
       "      <td>Placed</td>\n",
       "      <td>270000.0</td>\n",
       "    </tr>\n",
       "    <tr>\n",
       "      <th>1</th>\n",
       "      <td>2</td>\n",
       "      <td>M</td>\n",
       "      <td>79.33</td>\n",
       "      <td>Central</td>\n",
       "      <td>78.33</td>\n",
       "      <td>Others</td>\n",
       "      <td>Science</td>\n",
       "      <td>77.48</td>\n",
       "      <td>Sci&amp;Tech</td>\n",
       "      <td>Yes</td>\n",
       "      <td>86.5</td>\n",
       "      <td>Mkt&amp;Fin</td>\n",
       "      <td>66.28</td>\n",
       "      <td>Placed</td>\n",
       "      <td>200000.0</td>\n",
       "    </tr>\n",
       "    <tr>\n",
       "      <th>2</th>\n",
       "      <td>3</td>\n",
       "      <td>M</td>\n",
       "      <td>65.00</td>\n",
       "      <td>Central</td>\n",
       "      <td>68.00</td>\n",
       "      <td>Central</td>\n",
       "      <td>Arts</td>\n",
       "      <td>64.00</td>\n",
       "      <td>Comm&amp;Mgmt</td>\n",
       "      <td>No</td>\n",
       "      <td>75.0</td>\n",
       "      <td>Mkt&amp;Fin</td>\n",
       "      <td>57.80</td>\n",
       "      <td>Placed</td>\n",
       "      <td>250000.0</td>\n",
       "    </tr>\n",
       "    <tr>\n",
       "      <th>3</th>\n",
       "      <td>4</td>\n",
       "      <td>M</td>\n",
       "      <td>56.00</td>\n",
       "      <td>Central</td>\n",
       "      <td>52.00</td>\n",
       "      <td>Central</td>\n",
       "      <td>Science</td>\n",
       "      <td>52.00</td>\n",
       "      <td>Sci&amp;Tech</td>\n",
       "      <td>No</td>\n",
       "      <td>66.0</td>\n",
       "      <td>Mkt&amp;HR</td>\n",
       "      <td>59.43</td>\n",
       "      <td>Not Placed</td>\n",
       "      <td>0.0</td>\n",
       "    </tr>\n",
       "    <tr>\n",
       "      <th>4</th>\n",
       "      <td>5</td>\n",
       "      <td>M</td>\n",
       "      <td>85.80</td>\n",
       "      <td>Central</td>\n",
       "      <td>73.60</td>\n",
       "      <td>Central</td>\n",
       "      <td>Commerce</td>\n",
       "      <td>73.30</td>\n",
       "      <td>Comm&amp;Mgmt</td>\n",
       "      <td>No</td>\n",
       "      <td>96.8</td>\n",
       "      <td>Mkt&amp;Fin</td>\n",
       "      <td>55.50</td>\n",
       "      <td>Placed</td>\n",
       "      <td>425000.0</td>\n",
       "    </tr>\n",
       "    <tr>\n",
       "      <th>...</th>\n",
       "      <td>...</td>\n",
       "      <td>...</td>\n",
       "      <td>...</td>\n",
       "      <td>...</td>\n",
       "      <td>...</td>\n",
       "      <td>...</td>\n",
       "      <td>...</td>\n",
       "      <td>...</td>\n",
       "      <td>...</td>\n",
       "      <td>...</td>\n",
       "      <td>...</td>\n",
       "      <td>...</td>\n",
       "      <td>...</td>\n",
       "      <td>...</td>\n",
       "      <td>...</td>\n",
       "    </tr>\n",
       "    <tr>\n",
       "      <th>210</th>\n",
       "      <td>211</td>\n",
       "      <td>M</td>\n",
       "      <td>80.60</td>\n",
       "      <td>Others</td>\n",
       "      <td>82.00</td>\n",
       "      <td>Others</td>\n",
       "      <td>Commerce</td>\n",
       "      <td>77.60</td>\n",
       "      <td>Comm&amp;Mgmt</td>\n",
       "      <td>No</td>\n",
       "      <td>91.0</td>\n",
       "      <td>Mkt&amp;Fin</td>\n",
       "      <td>74.49</td>\n",
       "      <td>Placed</td>\n",
       "      <td>400000.0</td>\n",
       "    </tr>\n",
       "    <tr>\n",
       "      <th>211</th>\n",
       "      <td>212</td>\n",
       "      <td>M</td>\n",
       "      <td>58.00</td>\n",
       "      <td>Others</td>\n",
       "      <td>60.00</td>\n",
       "      <td>Others</td>\n",
       "      <td>Science</td>\n",
       "      <td>72.00</td>\n",
       "      <td>Sci&amp;Tech</td>\n",
       "      <td>No</td>\n",
       "      <td>74.0</td>\n",
       "      <td>Mkt&amp;Fin</td>\n",
       "      <td>53.62</td>\n",
       "      <td>Placed</td>\n",
       "      <td>275000.0</td>\n",
       "    </tr>\n",
       "    <tr>\n",
       "      <th>212</th>\n",
       "      <td>213</td>\n",
       "      <td>M</td>\n",
       "      <td>67.00</td>\n",
       "      <td>Others</td>\n",
       "      <td>67.00</td>\n",
       "      <td>Others</td>\n",
       "      <td>Commerce</td>\n",
       "      <td>73.00</td>\n",
       "      <td>Comm&amp;Mgmt</td>\n",
       "      <td>Yes</td>\n",
       "      <td>59.0</td>\n",
       "      <td>Mkt&amp;Fin</td>\n",
       "      <td>69.72</td>\n",
       "      <td>Placed</td>\n",
       "      <td>295000.0</td>\n",
       "    </tr>\n",
       "    <tr>\n",
       "      <th>213</th>\n",
       "      <td>214</td>\n",
       "      <td>F</td>\n",
       "      <td>74.00</td>\n",
       "      <td>Others</td>\n",
       "      <td>66.00</td>\n",
       "      <td>Others</td>\n",
       "      <td>Commerce</td>\n",
       "      <td>58.00</td>\n",
       "      <td>Comm&amp;Mgmt</td>\n",
       "      <td>No</td>\n",
       "      <td>70.0</td>\n",
       "      <td>Mkt&amp;HR</td>\n",
       "      <td>60.23</td>\n",
       "      <td>Placed</td>\n",
       "      <td>204000.0</td>\n",
       "    </tr>\n",
       "    <tr>\n",
       "      <th>214</th>\n",
       "      <td>215</td>\n",
       "      <td>M</td>\n",
       "      <td>62.00</td>\n",
       "      <td>Central</td>\n",
       "      <td>58.00</td>\n",
       "      <td>Others</td>\n",
       "      <td>Science</td>\n",
       "      <td>53.00</td>\n",
       "      <td>Comm&amp;Mgmt</td>\n",
       "      <td>No</td>\n",
       "      <td>89.0</td>\n",
       "      <td>Mkt&amp;HR</td>\n",
       "      <td>60.22</td>\n",
       "      <td>Not Placed</td>\n",
       "      <td>0.0</td>\n",
       "    </tr>\n",
       "  </tbody>\n",
       "</table>\n",
       "<p>215 rows × 15 columns</p>\n",
       "</div>"
      ],
      "text/plain": [
       "     sl_no gender  ssc_p    ssc_b  hsc_p    hsc_b     hsc_s  degree_p  \\\n",
       "0        1      M  67.00   Others  91.00   Others  Commerce     58.00   \n",
       "1        2      M  79.33  Central  78.33   Others   Science     77.48   \n",
       "2        3      M  65.00  Central  68.00  Central      Arts     64.00   \n",
       "3        4      M  56.00  Central  52.00  Central   Science     52.00   \n",
       "4        5      M  85.80  Central  73.60  Central  Commerce     73.30   \n",
       "..     ...    ...    ...      ...    ...      ...       ...       ...   \n",
       "210    211      M  80.60   Others  82.00   Others  Commerce     77.60   \n",
       "211    212      M  58.00   Others  60.00   Others   Science     72.00   \n",
       "212    213      M  67.00   Others  67.00   Others  Commerce     73.00   \n",
       "213    214      F  74.00   Others  66.00   Others  Commerce     58.00   \n",
       "214    215      M  62.00  Central  58.00   Others   Science     53.00   \n",
       "\n",
       "      degree_t workex  etest_p specialisation  mba_p      status    salary  \n",
       "0     Sci&Tech     No     55.0         Mkt&HR  58.80      Placed  270000.0  \n",
       "1     Sci&Tech    Yes     86.5        Mkt&Fin  66.28      Placed  200000.0  \n",
       "2    Comm&Mgmt     No     75.0        Mkt&Fin  57.80      Placed  250000.0  \n",
       "3     Sci&Tech     No     66.0         Mkt&HR  59.43  Not Placed       0.0  \n",
       "4    Comm&Mgmt     No     96.8        Mkt&Fin  55.50      Placed  425000.0  \n",
       "..         ...    ...      ...            ...    ...         ...       ...  \n",
       "210  Comm&Mgmt     No     91.0        Mkt&Fin  74.49      Placed  400000.0  \n",
       "211   Sci&Tech     No     74.0        Mkt&Fin  53.62      Placed  275000.0  \n",
       "212  Comm&Mgmt    Yes     59.0        Mkt&Fin  69.72      Placed  295000.0  \n",
       "213  Comm&Mgmt     No     70.0         Mkt&HR  60.23      Placed  204000.0  \n",
       "214  Comm&Mgmt     No     89.0         Mkt&HR  60.22  Not Placed       0.0  \n",
       "\n",
       "[215 rows x 15 columns]"
      ]
     },
     "execution_count": 3,
     "metadata": {},
     "output_type": "execute_result"
    }
   ],
   "source": [
    "dataset"
   ]
  },
  {
   "cell_type": "code",
   "execution_count": 5,
   "metadata": {},
   "outputs": [
    {
     "data": {
      "text/plain": [
       "sl_no             0\n",
       "gender            0\n",
       "ssc_p             0\n",
       "ssc_b             0\n",
       "hsc_p             0\n",
       "hsc_b             0\n",
       "hsc_s             0\n",
       "degree_p          0\n",
       "degree_t          0\n",
       "workex            0\n",
       "etest_p           0\n",
       "specialisation    0\n",
       "mba_p             0\n",
       "status            0\n",
       "salary            0\n",
       "dtype: int64"
      ]
     },
     "execution_count": 5,
     "metadata": {},
     "output_type": "execute_result"
    }
   ],
   "source": [
    "# Check any NA values\n",
    "dataset.isna().sum()"
   ]
  },
  {
   "cell_type": "code",
   "execution_count": 6,
   "metadata": {},
   "outputs": [
    {
     "data": {
      "text/plain": [
       "sl_no             0\n",
       "gender            0\n",
       "ssc_p             0\n",
       "ssc_b             0\n",
       "hsc_p             0\n",
       "hsc_b             0\n",
       "hsc_s             0\n",
       "degree_p          0\n",
       "degree_t          0\n",
       "workex            0\n",
       "etest_p           0\n",
       "specialisation    0\n",
       "mba_p             0\n",
       "status            0\n",
       "salary            0\n",
       "dtype: int64"
      ]
     },
     "execution_count": 6,
     "metadata": {},
     "output_type": "execute_result"
    }
   ],
   "source": [
    "# Check any null values\n",
    "dataset.isnull().sum()"
   ]
  },
  {
   "cell_type": "code",
   "execution_count": 17,
   "metadata": {},
   "outputs": [
    {
     "data": {
      "text/html": [
       "<div>\n",
       "<style scoped>\n",
       "    .dataframe tbody tr th:only-of-type {\n",
       "        vertical-align: middle;\n",
       "    }\n",
       "\n",
       "    .dataframe tbody tr th {\n",
       "        vertical-align: top;\n",
       "    }\n",
       "\n",
       "    .dataframe thead th {\n",
       "        text-align: right;\n",
       "    }\n",
       "</style>\n",
       "<table border=\"1\" class=\"dataframe\">\n",
       "  <thead>\n",
       "    <tr style=\"text-align: right;\">\n",
       "      <th></th>\n",
       "      <th>ssc_p</th>\n",
       "      <th>hsc_p</th>\n",
       "      <th>degree_p</th>\n",
       "      <th>etest_p</th>\n",
       "      <th>mba_p</th>\n",
       "      <th>salary</th>\n",
       "    </tr>\n",
       "  </thead>\n",
       "  <tbody>\n",
       "    <tr>\n",
       "      <th>ssc_p</th>\n",
       "      <td>117.228377</td>\n",
       "      <td>58.853253</td>\n",
       "      <td>42.702550</td>\n",
       "      <td>37.659225</td>\n",
       "      <td>24.535952</td>\n",
       "      <td>9.088585e+05</td>\n",
       "    </tr>\n",
       "    <tr>\n",
       "      <th>hsc_p</th>\n",
       "      <td>58.853253</td>\n",
       "      <td>112.063731</td>\n",
       "      <td>33.684453</td>\n",
       "      <td>33.838355</td>\n",
       "      <td>21.517688</td>\n",
       "      <td>7.310079e+05</td>\n",
       "    </tr>\n",
       "    <tr>\n",
       "      <th>degree_p</th>\n",
       "      <td>42.702550</td>\n",
       "      <td>33.684453</td>\n",
       "      <td>53.604710</td>\n",
       "      <td>22.078774</td>\n",
       "      <td>17.185200</td>\n",
       "      <td>4.663363e+05</td>\n",
       "    </tr>\n",
       "    <tr>\n",
       "      <th>etest_p</th>\n",
       "      <td>37.659225</td>\n",
       "      <td>33.838355</td>\n",
       "      <td>22.078774</td>\n",
       "      <td>176.251018</td>\n",
       "      <td>16.886973</td>\n",
       "      <td>3.727004e+05</td>\n",
       "    </tr>\n",
       "    <tr>\n",
       "      <th>mba_p</th>\n",
       "      <td>24.535952</td>\n",
       "      <td>21.517688</td>\n",
       "      <td>17.185200</td>\n",
       "      <td>16.886973</td>\n",
       "      <td>34.028376</td>\n",
       "      <td>1.239934e+05</td>\n",
       "    </tr>\n",
       "    <tr>\n",
       "      <th>salary</th>\n",
       "      <td>908858.485818</td>\n",
       "      <td>731007.850848</td>\n",
       "      <td>466336.264888</td>\n",
       "      <td>372700.449468</td>\n",
       "      <td>123993.387361</td>\n",
       "      <td>2.259185e+10</td>\n",
       "    </tr>\n",
       "  </tbody>\n",
       "</table>\n",
       "</div>"
      ],
      "text/plain": [
       "                  ssc_p          hsc_p       degree_p        etest_p  \\\n",
       "ssc_p        117.228377      58.853253      42.702550      37.659225   \n",
       "hsc_p         58.853253     112.063731      33.684453      33.838355   \n",
       "degree_p      42.702550      33.684453      53.604710      22.078774   \n",
       "etest_p       37.659225      33.838355      22.078774     176.251018   \n",
       "mba_p         24.535952      21.517688      17.185200      16.886973   \n",
       "salary    908858.485818  731007.850848  466336.264888  372700.449468   \n",
       "\n",
       "                  mba_p        salary  \n",
       "ssc_p         24.535952  9.088585e+05  \n",
       "hsc_p         21.517688  7.310079e+05  \n",
       "degree_p      17.185200  4.663363e+05  \n",
       "etest_p       16.886973  3.727004e+05  \n",
       "mba_p         34.028376  1.239934e+05  \n",
       "salary    123993.387361  2.259185e+10  "
      ]
     },
     "execution_count": 17,
     "metadata": {},
     "output_type": "execute_result"
    }
   ],
   "source": [
    "# dir(dataset)\n",
    "dataset.drop(columns=[\"sl_no\", \"gender\", \"ssc_b\", \"hsc_b\", \"hsc_s\", \"degree_t\", \"workex\", \"specialisation\", \"status\"], axis=1, inplace=True)\n",
    "dataset.cov()"
   ]
  },
  {
   "cell_type": "code",
   "execution_count": 22,
   "metadata": {},
   "outputs": [],
   "source": [
    "# CoVariance between Degree vs Entrance Test Marks\n",
    "# The cov between degree and enterance test is 22.078774\n",
    "# Its indicates that two columns that are degree_p and etest_p in a positive linear relationship\n",
    "# That means if a student get higher marks in Degree he/she will get higher marks in Entrance test as well and vice versa. "
   ]
  },
  {
   "cell_type": "code",
   "execution_count": 19,
   "metadata": {},
   "outputs": [],
   "source": [
    "# CoVariance between Entrance Test Marks vs MBA Marks\n",
    "# The cov between etest_p and mba_p is 16.886973\n",
    "# This is also indicate the positive linear relationship."
   ]
  },
  {
   "cell_type": "markdown",
   "metadata": {},
   "source": [
    "### Correlation"
   ]
  },
  {
   "cell_type": "code",
   "execution_count": 21,
   "metadata": {},
   "outputs": [
    {
     "data": {
      "text/html": [
       "<div>\n",
       "<style scoped>\n",
       "    .dataframe tbody tr th:only-of-type {\n",
       "        vertical-align: middle;\n",
       "    }\n",
       "\n",
       "    .dataframe tbody tr th {\n",
       "        vertical-align: top;\n",
       "    }\n",
       "\n",
       "    .dataframe thead th {\n",
       "        text-align: right;\n",
       "    }\n",
       "</style>\n",
       "<table border=\"1\" class=\"dataframe\">\n",
       "  <thead>\n",
       "    <tr style=\"text-align: right;\">\n",
       "      <th></th>\n",
       "      <th>ssc_p</th>\n",
       "      <th>hsc_p</th>\n",
       "      <th>degree_p</th>\n",
       "      <th>etest_p</th>\n",
       "      <th>mba_p</th>\n",
       "      <th>salary</th>\n",
       "    </tr>\n",
       "  </thead>\n",
       "  <tbody>\n",
       "    <tr>\n",
       "      <th>ssc_p</th>\n",
       "      <td>1.000000</td>\n",
       "      <td>0.513478</td>\n",
       "      <td>0.538686</td>\n",
       "      <td>0.261993</td>\n",
       "      <td>0.388478</td>\n",
       "      <td>0.558475</td>\n",
       "    </tr>\n",
       "    <tr>\n",
       "      <th>hsc_p</th>\n",
       "      <td>0.513478</td>\n",
       "      <td>1.000000</td>\n",
       "      <td>0.434606</td>\n",
       "      <td>0.240775</td>\n",
       "      <td>0.348452</td>\n",
       "      <td>0.459424</td>\n",
       "    </tr>\n",
       "    <tr>\n",
       "      <th>degree_p</th>\n",
       "      <td>0.538686</td>\n",
       "      <td>0.434606</td>\n",
       "      <td>1.000000</td>\n",
       "      <td>0.227147</td>\n",
       "      <td>0.402376</td>\n",
       "      <td>0.423762</td>\n",
       "    </tr>\n",
       "    <tr>\n",
       "      <th>etest_p</th>\n",
       "      <td>0.261993</td>\n",
       "      <td>0.240775</td>\n",
       "      <td>0.227147</td>\n",
       "      <td>1.000000</td>\n",
       "      <td>0.218055</td>\n",
       "      <td>0.186775</td>\n",
       "    </tr>\n",
       "    <tr>\n",
       "      <th>mba_p</th>\n",
       "      <td>0.388478</td>\n",
       "      <td>0.348452</td>\n",
       "      <td>0.402376</td>\n",
       "      <td>0.218055</td>\n",
       "      <td>1.000000</td>\n",
       "      <td>0.141417</td>\n",
       "    </tr>\n",
       "    <tr>\n",
       "      <th>salary</th>\n",
       "      <td>0.558475</td>\n",
       "      <td>0.459424</td>\n",
       "      <td>0.423762</td>\n",
       "      <td>0.186775</td>\n",
       "      <td>0.141417</td>\n",
       "      <td>1.000000</td>\n",
       "    </tr>\n",
       "  </tbody>\n",
       "</table>\n",
       "</div>"
      ],
      "text/plain": [
       "             ssc_p     hsc_p  degree_p   etest_p     mba_p    salary\n",
       "ssc_p     1.000000  0.513478  0.538686  0.261993  0.388478  0.558475\n",
       "hsc_p     0.513478  1.000000  0.434606  0.240775  0.348452  0.459424\n",
       "degree_p  0.538686  0.434606  1.000000  0.227147  0.402376  0.423762\n",
       "etest_p   0.261993  0.240775  0.227147  1.000000  0.218055  0.186775\n",
       "mba_p     0.388478  0.348452  0.402376  0.218055  1.000000  0.141417\n",
       "salary    0.558475  0.459424  0.423762  0.186775  0.141417  1.000000"
      ]
     },
     "execution_count": 21,
     "metadata": {},
     "output_type": "execute_result"
    }
   ],
   "source": [
    "dataset.corr()"
   ]
  },
  {
   "cell_type": "code",
   "execution_count": 23,
   "metadata": {},
   "outputs": [],
   "source": [
    "# Correlation between MBA and Salary\n",
    "# Correlation between MBA_Marks and Salary is 0.141417\n",
    "# It's indicate that positive linear relationship between two columns (mba_p and salary)\n",
    "# But the value 0.141417 is too poor\n",
    "# MBA is nearly 0.14% influence in salary (indirectly saying other factors determine the salary than MBA) for this dataset"
   ]
  },
  {
   "cell_type": "code",
   "execution_count": null,
   "metadata": {},
   "outputs": [],
   "source": []
  }
 ],
 "metadata": {
  "colab": {
   "provenance": []
  },
  "kernelspec": {
   "display_name": "Python 3 (ipykernel)",
   "language": "python",
   "name": "python3"
  },
  "language_info": {
   "codemirror_mode": {
    "name": "ipython",
    "version": 3
   },
   "file_extension": ".py",
   "mimetype": "text/x-python",
   "name": "python",
   "nbconvert_exporter": "python",
   "pygments_lexer": "ipython3",
   "version": "3.13.9"
  }
 },
 "nbformat": 4,
 "nbformat_minor": 4
}
